-135.578726 -107.020526 -67.796521 -41.698134
-28.565837 -21.405179 -17.027207 -14.105358
-12.026690 -10.475992 -9.276398 -120.762720
-100.124672 -76.607502 -56.784749 -43.025066
-33.901101 -27.699473 -23.304891 -20.063073
-17.587633 -15.642246 -112.790591 -97.184267
-80.459618 -65.194334 -52.899692 -43.591371
-36.640026 -31.393897 -27.356652 -24.182779
-21.636577 -107.987335 -95.563209 -82.600405
-70.346176 -59.697319 -50.934165 -43.905309
-38.299689 -33.804889 -30.162245 -27.172941
-104.818147 -94.537773 -83.959435 -73.774725
-64.536655 -56.520320 -49.750055 -44.104826
-39.411284 -35.496752 -32.210928 -102.582962
-93.831051 -84.897835 -76.204747 -68.110443
-60.836922 -54.462322 -48.959265 -44.242831
-40.207269 -36.747471 -257.524890 -266.202752
84.942751 76.322224 68.286065 61.053135
54.702857 49.211329 44.497418 40.458546
36.991933 -255.330291 -265.509548 84.022226
73.935816 64.769990 56.797248 50.047215
44.406283 39.707420 35.782356 32.483549
-252.228679 -264.507675 82.694240 70.579179
60.018361 51.295429 44.274776 38.659808
34.147509 30.484439 27.474432 -247.548454
-262.933270 80.614482 65.556045 53.358068
44.068443 37.098394 31.820132 27.748273
24.541618 21.965863 -239.826480 -260.106079
76.908107 57.399666 43.698047 34.527972
28.258030 23.798709 20.501426 17.979714
15.995832 -225.567266 -253.610460 68.587031
42.838921 29.538782 22.195460 17.679681
14.656751 12.502428 10.893546 9.648045
-216.991933 -220.458546 -224.497418 -229.211329
-234.702857 -241.053135 -248.286065 -256.322224
-264.942751 86.202752 77.524890 -212.483549
-215.782356 -219.707420 -224.406283 -230.047215
-236.797248 -244.769990 -253.935816 -264.022226
85.509548 75.330291 -207.474432 -210.484439
-214.147509 -218.659808 -224.274776 -231.295429
-240.018361 -250.579179 -262.694240 84.507675
72.228679 -201.965863 -204.541618 -207.748273
-211.820132 -217.098394 -224.068443 -233.358068
-245.556045 -260.614482 82.933270 67.548454
-195.995832 -197.979714 -200.501426 -203.798709
-208.258030 -214.527972 -223.698047 -237.399666
-256.908107 80.106079 59.826480 -189.648045
-190.893546 -192.502428 -194.656751 -197.679681
-202.195460 -209.538782 -222.838921 -248.587031
73.610460 45.567266 -170.723602 -169.524008
-167.973310 -165.894642 -162.972793 -158.594821
-151.434163 -138.301866 -112.203479 -72.979474
-44.421274 -164.357754 -162.412367 -159.936927
-156.695109 -152.300527 -146.098899 -136.974934
-123.215251 -103.392498 -79.875328 -59.237280
-158.363423 -155.817221 -152.643348 -148.606103
-143.359974 -136.408629 -127.100308 -114.805666
-99.540382 -82.815733 -67.209409 -152.827059
-149.837755 -146.195111 -141.700311 -136.094691
-129.065835 -120.302681 -109.653824 -97.399595
-84.436791 -72.012665 -147.789072 -144.503248
-140.588716 -135.895174 -130.249945 -123.479680
-115.463345 -106.225275 -96.040565 -85.462227
-75.181853 -143.252529 -139.792731 -135.757169
-131.040735 -125.537678 -119.163078 -111.889557
-103.795253 -95.102165 -86.168949 -77.417038
